0.268635 -1.546713 -0.438054 0.383939 -0.754324 0.366949 -0.633928 0.240406 -0.184043 1.780212 0.179863 0.188985 -0.231251 2.174302 1.144335 0.399324 -1.221662 0.701135 -1.931466 
0.342434 -0.631621 -0.520621 0.693673 -0.014850 0.489280 -0.256438 -0.281307 0.195937 1.810514 -0.030975 -0.201864 0.272651 0.787739 0.866450 0.493396 -1.498200 0.862071 -1.702798 
-0.178331 -0.140554 -1.085311 0.944003 0.590553 0.580062 0.203384 -0.615467 0.395470 2.167903 0.161133 -0.531997 0.639260 -0.500954 0.420222 0.194687 -2.045218 0.751931 -1.009926 
-0.506263 0.459217 -1.066621 0.994673 0.513670 0.483773 0.492443 -0.426417 0.715048 1.832770 0.469922 -0.138941 1.263324 -0.926369 0.093637 0.169237 -2.412192 0.024746 -0.577426 
-0.361676 0.579517 -1.565721 1.237681 0.597329 0.161048 0.850430 0.005177 0.780274 1.332357 1.034197 0.088151 1.792609 -0.740454 -0.385905 -0.142133 -2.530386 -0.540235 -0.022758 
-0.234087 0.204216 -1.292149 1.237144 0.299964 0.026157 0.653871 0.554637 0.371492 0.892368 1.149318 0.305108 1.958853 0.074173 -0.497542 -0.103049 -2.289933 -1.256242 -0.048949 
0.694541 0.187535 -0.684851 1.428318 0.160265 -0.183549 0.279011 0.978846 0.107463 -0.184290 0.766746 0.270286 1.925849 0.910870 -0.448294 -0.052383 -2.043977 -1.457725 -0.031824 
1.123962 -0.218595 -0.146580 1.505695 0.102484 -0.224943 -0.312459 1.169878 -0.573156 -0.424517 -0.047879 -0.164235 1.274757 1.307722 -0.240178 -0.094049 -1.874798 -1.171286 -0.174672 
1.544659 0.045342 0.940552 1.465275 -0.008793 -0.090324 -1.015558 0.956152 -0.844536 -1.041753 -1.035258 -0.260991 0.549747 1.332275 0.165519 -0.077075 -2.149070 -0.594405 -0.253701 
1.435692 0.223875 0.856765 1.415811 0.121072 -0.048561 -0.927320 0.553392 -1.029235 -1.151128 -1.481354 -0.587955 -0.348863 0.514923 0.240938 -0.238124 -2.847366 0.428111 -0.066736 
0.560550 0.084734 0.727851 0.972196 -0.085188 0.205824 -0.623411 0.161043 -0.903798 -0.982253 -1.325648 -0.468080 -1.184976 -0.074216 0.419146 -0.342641 -3.680274 0.968107 0.132498 
-0.083370 0.206697 0.120360 0.461303 0.007104 0.283754 0.459952 -0.135785 -0.308967 -0.893670 -0.741148 -0.247289 -1.434913 -0.669174 0.272926 -0.344051 -4.310778 1.086405 0.410916 
-0.721820 -0.330588 -0.642515 -0.340534 -0.046884 0.236897 1.586049 -0.229752 0.048757 -0.168668 0.330587 -0.201057 -1.490315 -0.943767 0.076487 -0.344895 -4.438233 0.649754 0.521298 
-0.545923 -0.332714 -0.269558 -1.048908 -0.245096 0.169849 2.260388 -0.180895 0.517957 -0.052742 0.936962 0.195967 -0.971395 -0.624252 0.099764 0.067349 -4.075242 -0.251860 0.360963 
0.152221 -0.406900 -0.083122 -1.409517 0.085763 -0.118954 2.594028 0.015615 0.720631 0.277794 1.040328 0.204495 -0.296376 -0.380480 -0.078033 0.301612 -3.315408 -0.970519 0.183198 
0.835340 -0.350748 0.899600 -1.807460 0.037938 -0.363423 1.937758 0.295896 0.494690 0.556358 0.540906 0.294027 0.254017 -0.005383 0.101325 0.563584 -2.581189 -1.529011 -0.171983 
1.723010 0.177883 1.672538 -1.619649 0.266366 -0.579300 1.044124 0.504201 0.423652 0.293548 -0.401912 0.162774 0.677746 0.233245 0.249355 0.539523 -2.083044 -1.291488 -0.134854 
1.552664 -0.010262 1.758449 -1.421920 0.345845 -0.569594 0.004406 0.665585 -0.005082 0.655837 -0.989378 -0.034637 0.543928 0.463953 0.381817 0.178002 -1.951447 -0.676208 -0.089675 
0.922836 -0.184589 1.741889 -1.256176 0.149372 -0.261718 -0.921150 0.787636 0.030149 0.470075 -1.320990 -0.161227 0.296961 1.035909 0.677399 -0.185488 -1.958403 0.151335 0.045231 
0.200272 -0.835320 0.442462 -1.113105 0.153568 -0.182702 -1.046804 0.890680 0.189854 0.536112 -0.895452 -0.410600 -0.021908 1.253668 0.516548 -0.566523 -2.120200 1.073848 0.175045 
-0.734335 -1.975589 -0.413070 -1.302533 0.134407 0.211424 -1.009901 0.764738 0.505096 0.663108 -0.162709 -0.624436 -0.202040 1.476617 0.574032 -0.783677 -2.123018 1.323329 0.267406 
-0.651738 -2.614045 -0.911294 -1.081210 0.382348 0.409889 -0.520651 0.512065 1.048715 0.277089 0.465350 -0.625473 0.072528 1.319242 0.447753 -0.575102 -1.853993 1.296048 0.190833 
-0.317499 -3.583730 -1.018637 -0.933774 0.858831 0.462555 -0.147500 0.134138 1.009263 0.562730 0.930389 -0.675083 0.447347 0.504868 0.255237 -0.345117 -1.299423 0.874906 -0.093053 
0.513119 -3.413594 0.056480 -0.594034 1.169948 0.426900 -0.169820 -0.125441 1.037786 0.393523 0.592880 -0.273806 1.029888 -0.158692 0.231011 -0.050446 -0.715607 0.192976 -0.460919 
1.236511 -3.094312 0.783002 0.066939 1.575959 0.122929 -0.043514 -0.182236 0.534415 0.565568 0.194519 -0.034940 1.325901 -1.186749 -0.038433 -0.027500 -0.275776 -0.031799 -0.831924 
1.150878 -2.763975 1.729401 0.372812 1.378989 0.001448 -0.291324 0.043679 -0.224040 0.990412 -0.435285 0.222694 1.167575 -1.623034 0.037037 -0.026347 -0.007863 -0.076740 -1.207867 
0.862429 -1.948298 2.135148 0.725801 0.970809 -0.162380 -0.219219 0.600041 -0.487107 1.023890 -0.814734 0.337215 0.951829 -1.301594 0.160373 -0.271922 0.052566 0.224823 -1.191931 
-0.164046 -1.726511 1.510482 0.369239 0.403722 -0.253953 -0.053868 1.167417 -0.890375 1.802615 -0.843131 -0.186286 0.453359 -0.717395 0.302141 -0.672010 -0.112351 0.604032 -0.999419 
-0.740250 -1.175223 1.068214 -0.356294 -0.372150 -0.229815 -0.088948 1.545230 -0.569611 1.676173 -0.728955 -0.452686 0.570873 0.299088 0.732653 -0.671624 -0.278847 0.749809 -0.713697 
-0.942563 -0.788451 -0.302216 -0.920052 -0.530901 -0.235325 0.190483 1.519184 -0.200714 1.688343 -0.419888 -1.098078 1.016502 0.872957 0.846760 -0.811273 -0.345292 0.872972 -0.311027 
-0.914548 -0.642283 -0.940874 -1.284332 -0.607379 0.028835 -0.007531 1.098526 0.057204 1.472884 -0.233562 -1.147326 1.813717 1.201738 1.113571 -0.549442 -0.251105 0.585285 -0.256021 
-0.104261 -0.032253 -1.354948 -1.008929 -0.251437 0.069575 -0.084839 0.480300 0.282721 0.719600 -0.279874 -0.961655 2.733046 0.804085 1.068682 -0.360085 -0.103069 0.371349 -0.358680 
0.207352 -0.090746 -1.567583 -0.471696 0.354205 0.258236 -0.160496 -0.198111 0.008392 0.622301 -0.469819 -0.727986 2.971408 -0.012162 0.912471 -0.456924 0.073336 0.169953 -0.550265 
0.581207 0.133242 -0.790151 0.217909 0.771065 0.410759 -0.256152 -0.567535 -0.222527 0.016135 -0.923847 -0.074565 2.763095 -0.637877 0.747952 -0.386309 0.170873 0.274669 -0.868304 
0.600699 -0.116592 -0.526043 0.842900 1.311569 0.338462 0.185672 -0.545488 -0.469963 0.051404 -1.083742 0.102535 1.925331 -1.293080 0.373824 -0.668281 0.200744 0.645513 -0.954950 
0.055413 -0.737187 0.222549 0.759331 1.355922 0.376810 0.386707 -0.271140 -0.673943 0.405812 -1.259075 0.418109 0.719392 -1.470910 0.277385 -0.757726 0.066624 0.885967 -0.998669 
0.008003 -0.783697 0.596467 0.528204 1.275120 0.135983 0.720770 0.146395 -0.298635 0.496970 -1.405801 0.630966 -0.099791 -1.431834 0.103402 -0.672113 -0.250091 1.177481 -0.728369 
-0.353643 -1.312780 0.685361 0.011819 1.001937 0.018905 0.687757 0.470954 -0.021262 1.244410 -1.429881 0.651710 -0.570341 -1.202294 0.195184 -0.665943 -0.342426 1.088485 -0.468316 
-0.335367 -0.919099 1.155185 -0.119897 0.571045 0.092765 0.227890 0.721727 0.645983 1.182589 -1.805672 1.036927 -0.043099 -0.426070 0.565710 -0.494542 -0.221693 0.524380 -0.275522 
-0.039830 -0.441161 0.781922 0.146639 0.328635 -0.066283 -0.088827 0.795511 0.772608 1.199480 -1.992287 1.312507 0.889066 -0.127702 0.660708 -0.543426 -0.024498 0.059955 -0.268542 
-0.043813 -0.000313 0.718942 0.549894 -0.062032 0.115309 -0.691050 0.753527 0.673028 0.825522 -2.210374 1.298459 1.809650 0.439611 1.006325 -0.856935 0.274092 -0.622319 -0.356084 
0.275392 0.533898 0.330589 1.180369 -0.075254 0.185140 -0.763083 0.657900 0.615095 0.000367 -2.305175 1.120897 2.597641 0.760645 1.073873 -1.402447 0.580359 -1.101091 -0.278801 
0.011115 0.280205 -0.358298 1.266730 -0.132249 0.311692 -0.531938 0.502994 0.039821 -0.418818 -1.928680 0.685145 2.516946 0.945297 0.888825 -2.144011 0.621363 -1.379344 -0.255418 
-0.026966 0.197613 -0.528063 1.051672 -0.220516 0.579786 0.064991 0.184831 -0.121570 -1.090661 -1.665358 0.430802 2.079766 1.290541 0.702608 -2.489820 0.554842 -1.487881 -0.089925 
0.062196 -0.157286 -1.194807 0.423510 -0.145543 0.504901 1.066929 -0.099959 -0.295766 -1.337793 -1.068083 0.213015 1.320534 1.223469 0.082383 -2.636138 0.208361 -1.107786 0.083459 
0.045194 -0.511493 -1.024038 -0.433250 -0.208845 0.648913 1.685111 -0.347943 -0.158839 -1.222518 -0.793937 0.219062 0.700581 1.410419 -0.094140 -2.353412 0.080526 -0.745229 0.306742 
0.455867 -0.290620 -0.811936 -0.849034 -0.176612 0.572727 2.360589 -0.536218 0.218180 -1.208465 -0.763857 0.707968 0.416299 1.395203 -0.342796 -1.676587 0.024977 -0.087285 0.174176 
0.410784 -0.234136 -0.404841 -0.925485 -0.217480 0.510598 2.605861 -0.409915 0.278721 -0.489856 -0.973460 1.009391 0.344336 1.218082 -0.213618 -0.912461 0.247659 0.566942 -0.175857 
0.584879 0.483273 0.849486 -0.462724 -0.410032 0.528445 2.264954 -0.088037 0.773320 -0.556037 -1.591456 1.413980 0.643515 1.193242 0.360421 -0.066657 0.640165 1.102485 -0.683682 
0.527705 0.754651 1.082719 0.206740 -0.097768 0.456516 1.972085 0.157308 0.889045 -0.334720 -2.020949 1.190432 0.887242 0.608877 0.687651 0.271868 0.957275 1.628426 -1.147790 
0.215385 0.815417 1.599040 0.717610 0.030746 0.601869 1.231350 0.315837 0.970638 -0.550843 -2.257953 0.694827 1.050171 0.114255 1.148376 0.328515 0.905002 1.614749 -1.365978 
0.189461 0.814348 1.354697 1.266935 0.113065 0.729922 0.840257 0.196254 1.145129 -1.199498 -2.056033 -0.153117 0.944936 -0.408817 1.240542 0.216871 0.540239 1.469056 -1.426317 
-0.104184 -0.119147 0.549456 1.374656 0.222909 0.969475 0.622845 -0.111125 1.020591 -1.080031 -1.404614 -1.055209 0.755018 -0.582941 1.102919 -0.251652 0.142125 0.743653 -1.116008 
0.074823 -0.710894 0.199505 1.241483 -0.195814 1.203206 0.571922 -0.446579 1.143768 -1.520068 -0.620446 -1.434325 0.660009 -0.131919 0.986172 -0.377403 -0.216799 -0.150973 -0.881252 
0.275583 -1.580016 -0.648592 1.110421 -0.464431 1.241909 0.969546 -0.652163 1.076940 -1.507756 0.203916 -1.541156 0.539169 0.326990 0.632181 -0.489001 -0.321794 -0.656930 -0.598739 
0.237735 -2.160801 -0.377324 0.741431 -1.037243 1.419712 1.040263 -0.743526 0.928835 -1.478114 0.724916 -1.335024 0.259547 0.867341 0.695135 -0.237108 -0.215547 -0.841709 -0.663221 
0.505444 -1.937030 0.178002 0.504578 -1.507753 1.276527 1.293780 -0.596457 0.873583 -1.785525 0.873136 -0.931694 0.017631 0.977027 0.703618 0.233076 0.031717 -0.250876 -0.923258 
0.153225 -1.862546 0.779950 0.031437 -1.600538 1.203888 1.190996 -0.512768 0.543160 -1.424269 0.639639 -0.849853 -0.431671 0.462458 0.833060 0.300163 0.255727 0.396536 -1.060552 
-0.039015 -1.003746 1.874761 -0.462953 -1.976228 1.028287 0.703409 -0.283201 0.531126 -1.587781 0.033619 -0.591797 -0.715515 -0.094676 1.077594 0.576682 0.463776 1.079833 -1.374616 
-0.332113 -0.237097 1.695682 -0.879907 -2.023335 0.637990 0.405015 -0.136946 0.396031 -1.207373 -0.339240 -0.835556 -0.997000 -0.946178 0.926519 0.335486 0.284550 1.692997 -1.313430 
-0.665093 0.366363 1.248861 -1.406837 -2.536438 0.346042 -0.156641 -0.110430 0.224757 -0.616669 -0.525400 -0.782863 -1.081840 -1.238182 0.716385 0.154188 -0.008159 1.712799 -1.279062 
-0.599175 0.963893 -0.032659 -1.422660 -2.777308 0.062916 -0.247487 -0.119148 0.446816 -0.242273 -0.519425 -0.874758 -0.856572 -1.020239 0.349437 -0.273160 -0.333712 1.622195 -0.706858 
-0.647537 0.679241 -1.523399 -1.492466 -3.256164 -0.094788 -0.239259 -0.102004 0.393164 0.779987 -0.197041 -0.594983 -0.507251 -0.118911 0.058272 -0.615115 -0.299475 1.220860 -0.212652 
-0.222189 0.732786 -2.038413 -1.140024 -3.709461 -0.042941 -0.223005 -0.046238 0.530350 0.781825 0.020320 -0.197291 0.068049 1.081716 0.045343 -0.628350 -0.146697 1.052805 0.296818 
0.084279 0.256546 -2.571344 -0.620733 -3.618993 0.059710 0.234138 -0.123595 0.182292 1.076375 0.286685 0.017767 0.433924 1.540945 -0.078299 -0.553596 0.109186 1.203335 0.650163 
0.242516 -0.025334 -1.626058 -0.294829 -3.507976 0.310936 0.367462 -0.065850 -0.298112 1.144408 0.136031 0.250190 0.850159 1.720786 0.149567 -0.309437 0.557222 1.039703 0.744561 
0.536497 0.082460 -0.580384 0.034955 -3.233312 0.298071 0.540465 0.062777 -0.740303 0.701308 0.047235 0.177772 1.023459 0.978519 0.136215 0.124056 0.722999 1.058956 0.465203 
0.346911 -0.107815 0.326444 -0.172449 -2.937772 0.080561 0.565221 0.278594 -1.295962 0.993038 -0.148538 0.043119 1.025920 -0.268032 0.030544 0.261995 0.728606 0.362353 0.132244 
0.379542 0.311477 1.338909 -0.367806 -3.031709 -0.217642 0.335011 0.628794 -1.097376 0.555897 -0.352581 0.050512 0.957808 -1.055732 -0.041325 0.420908 0.468856 -0.724897 -0.225868 
0.485941 0.383024 1.222958 -0.385565 -3.023619 -0.619238 0.329639 0.830355 -0.688932 0.223370 -0.198002 -0.197672 0.586970 -1.851274 -0.343916 0.343083 -0.003325 -1.505482 -0.274169 
0.321950 0.129307 1.273987 -0.286284 -3.375295 -0.644295 0.012750 1.001089 -0.135811 -0.061849 0.056670 -0.087238 0.126860 -1.602441 -0.394314 0.205576 -0.178400 -2.206703 -0.402037 
0.552998 -0.110058 1.073402 0.382422 -3.340921 -0.425411 -0.022941 0.901007 0.654144 -0.836267 0.220628 -0.055792 -0.233884 -1.209881 -0.349283 0.014544 -0.135998 -2.053985 -0.046095 
0.268717 -0.871290 0.898321 0.962020 -3.141315 0.177238 -0.226183 0.497051 0.796593 -1.071721 0.331328 -0.066347 -0.644815 -0.839161 -0.248566 -0.312715 0.055391 -1.372900 0.318740 
0.288390 -0.992429 1.388467 1.468093 -2.820284 0.878916 -0.453571 -0.068578 0.720454 -1.480273 0.144843 0.142384 -0.568412 -0.488451 -0.133908 -0.367028 0.518882 -0.248261 0.499204 
0.018421 -1.011086 1.149868 1.700938 -2.096239 1.308460 -0.268259 -0.605712 0.181994 -1.067587 0.136253 0.095022 -0.402633 -0.774531 -0.440446 -0.622778 0.847666 1.044581 0.626143 
-0.294414 -0.830523 1.182173 1.215973 -1.668057 1.430191 -0.276305 -0.759759 -0.321567 -0.454734 -0.029334 0.314659 0.155028 -1.014941 -0.768487 -0.435239 1.196064 1.786464 0.442170 
-0.299864 -0.247543 0.333649 0.534134 -1.075379 1.023930 0.256836 -0.658925 -0.506835 0.298698 0.037091 0.335468 0.717584 -1.422818 -1.592630 -0.239193 1.220524 2.069821 0.246320 
-0.520743 -0.333338 -0.660539 -0.394905 -0.806119 0.491874 0.577477 -0.186067 -0.537969 1.286785 0.339155 0.326767 0.959466 -1.324540 -2.337237 -0.014659 1.179686 1.611220 -0.064534 
-0.124615 -0.128835 -1.250427 -1.033594 -0.734187 -0.101383 0.635997 0.444402 -0.035197 1.115609 0.492642 0.330060 1.087114 -0.761408 -2.964382 0.254326 0.940761 0.667647 -0.330627 
0.074427 -0.491754 -2.120333 -1.093959 -0.393898 -0.377295 0.547511 0.719904 0.165979 0.813339 0.599217 0.045703 0.748452 -0.396897 -3.624456 0.225566 0.548044 -0.156288 -0.597888 
0.402415 -0.916859 -1.820499 -1.016209 -0.559736 -0.312266 -0.199123 0.797530 0.091311 -0.114043 0.483451 -0.144998 0.443301 0.173788 -3.700132 0.213379 0.247974 -1.063964 -0.951939 
0.756909 -0.813510 -1.536790 -0.278106 -0.454140 -0.029186 -0.866691 0.522781 -0.052553 -1.296936 -0.026182 -0.276533 0.238670 0.314532 -3.751247 -0.019882 -0.021986 -1.487587 -1.223554 
0.642494 -0.779487 -1.182118 0.073271 -0.580996 0.315635 -1.507507 0.018658 -0.604637 -1.498472 -0.548604 -0.442574 0.093134 0.000776 -3.451963 -0.477310 -0.093656 -1.534926 -1.379026 
0.755285 0.161676 -0.495912 0.483776 -0.772454 0.524843 -1.748840 -0.278119 -0.467618 -1.762300 -1.097458 -0.210307 0.414744 -0.288183 -2.926885 -0.613484 -0.008099 -1.130585 -1.241663 
0.650926 0.841259 -0.815937 0.597480 -0.751159 0.307056 -1.139699 -0.296690 0.005805 -1.098780 -1.151760 -0.058337 0.537393 -1.040700 -2.639042 -0.760209 0.137917 -0.257226 -0.837607 
0.445073 1.463454 -0.708863 0.348745 -0.954989 0.042972 -0.420540 -0.001586 1.023896 -0.280907 -0.898049 0.319772 0.665197 -1.374831 -2.192023 -0.569015 0.403351 0.552995 -0.317271 
0.626539 1.701917 -0.885141 0.200601 -0.714020 -0.353142 0.659645 0.380834 2.229123 0.179699 -0.227379 0.338706 0.644971 -1.687278 -2.095101 -0.328711 0.517905 1.552899 0.479782 
0.205855 1.065809 -0.895537 -0.156068 -0.389509 -0.437063 1.359528 0.718952 2.938529 0.987496 0.441933 0.124384 0.184270 -1.588858 -2.175301 -0.295182 0.524476 1.756079 0.976928 
0.177903 0.610092 0.093468 -0.402270 0.072830 -0.178084 1.540720 0.683565 3.108691 0.762568 0.620573 -0.045848 -0.103937 -1.267677 -2.370638 -0.170366 0.395509 1.515322 1.161168 
-0.036809 -0.062786 0.651630 -0.607007 0.523203 0.187013 1.403746 0.326552 2.298090 0.706437 0.755426 -0.351445 -0.461497 -0.923720 -2.852431 -0.307694 0.087480 0.905705 0.933775 
-0.246190 -0.430761 1.704709 -0.998628 0.613795 0.712738 0.689514 -0.310850 0.931246 0.530003 0.452391 -0.325786 -0.512784 -0.356695 -3.125827 -0.410329 -0.298160 -0.171463 0.416868 
-0.209984 -0.160590 2.057679 -0.880109 0.855990 1.013520 0.225292 -0.758056 -0.132027 0.392616 -0.151528 -0.183517 -0.354498 0.300885 -3.500668 -0.510673 -0.447031 -0.920994 -0.000773 
-0.329035 0.078821 1.931684 -0.707889 0.644435 1.088168 -0.196808 -0.969172 -0.898790 0.729477 -0.580948 -0.052943 -0.338415 0.933352 -3.541538 -0.522059 -0.496712 -1.196859 -0.178255 
-0.159601 0.805757 1.754875 -0.257735 0.455543 0.845478 -0.331451 -0.699997 -0.769015 0.660886 -1.076644 0.268693 -0.269357 1.506271 -3.442872 -0.172673 -0.313658 -0.795555 -0.269145 
-0.108661 0.789595 0.795867 0.670109 0.611670 0.348427 -0.086501 -0.095300 -0.187274 0.885077 -0.893095 0.000107 -0.431949 1.563637 -3.311628 -0.035707 -0.002699 0.240895 0.096174 
-0.225295 0.575602 0.681939 1.347333 0.556292 -0.012853 -0.055314 0.559349 0.636946 0.640951 -0.733148 0.011206 -0.494282 1.605403 -2.831845 0.252701 0.391911 1.138315 0.417337 
-0.246843 0.266650 0.390672 2.009426 0.725044 -0.378055 0.203624 0.893077 1.182839 0.049812 -0.319982 -0.158511 -0.562566 1.138267 -2.569988 0.414985 0.442913 1.898880 0.655961 
-0.653828 -0.364953 0.391933 1.928713 0.730234 -0.461347 0.239563 0.596491 0.884246 -0.278790 0.076553 -0.200141 -0.575432 0.477974 -2.163086 0.353299 0.061714 1.844928 0.813743 
-0.658229 -0.222831 0.951923 1.483505 0.479265 -0.463600 0.071034 -0.036092 0.259746 -1.074462 0.258191 0.077667 -0.192942 0.241072 -1.667730 0.325615 -0.461648 1.344114 0.795966 
-0.766956 -0.179566 0.921651 0.817012 0.193782 -0.627166 0.221843 -0.720123 -0.914782 -1.176021 0.421584 0.545706 0.073159 0.077181 -1.275186 0.185216 -0.976426 0.623705 0.661496 
-0.826635 0.090650 1.307601 0.089219 -0.279599 -0.879932 0.085011 -1.088418 -1.926453 -1.081544 0.360732 1.160385 0.378955 0.386286 -0.685829 0.183805 -1.218297 -0.111945 0.451609 
-0.569133 0.544096 1.181882 0.055810 -0.583092 -1.555498 0.291246 -0.732168 -2.233519 -0.881699 0.335126 1.410984 0.466184 0.947156 -0.253144 0.093998 -1.002997 -0.383400 0.429531 
-0.630160 0.117598 0.947454 0.152902 -0.676648 -2.418591 0.404445 0.184731 -2.141655 0.094672 0.371582 1.316515 0.300874 1.450111 0.110767 -0.161679 -0.236447 -0.665697 0.404289 
-0.356664 -0.007178 1.194304 0.849879 -0.646743 -3.173949 0.464412 1.178359 -1.253854 0.357170 0.257854 0.808142 0.113017 1.774154 0.457439 -0.120345 0.755249 -0.470945 0.396661 
-0.287236 -0.854563 0.741750 1.557947 -0.165877 -3.714793 0.792894 1.502718 -0.417864 1.077407 0.413517 -0.030191 -0.260923 1.209414 0.422182 -0.223836 1.614757 -0.303680 0.374741 
-0.312533 -1.472207 0.993699 1.715822 -0.107363 -3.712307 0.622115 0.933111 0.306018 1.395540 0.372661 -0.396668 -0.504098 0.519844 0.498866 -0.069125 2.000121 -0.593511 0.127813 
-0.008940 -1.541204 0.774688 1.472995 0.137291 -3.528680 0.683099 -0.510082 0.807292 1.404965 0.319251 -0.720580 -0.415173 -0.622998 0.351773 0.118073 1.823783 -0.769987 0.034456 
-0.068311 -1.603619 0.617365 0.466813 -0.074580 -3.183945 0.432203 -2.237032 0.633815 1.668884 0.308218 -0.599073 -0.379283 -1.512927 0.362323 0.280473 1.257880 -1.111693 -0.205081 
0.231463 -0.694150 0.914974 -0.571926 -0.315769 -3.064357 0.013894 -3.417145 0.602335 0.981821 0.010068 -0.027071 -0.082995 -1.903698 0.406909 0.679809 0.399872 -1.079481 -0.447401 
0.342245 -0.056321 0.453474 -1.363638 -0.269448 -3.458426 -0.166719 -3.552656 0.322153 0.680242 -0.081328 0.358096 0.116477 -1.897997 0.290649 0.631206 -0.190963 -0.601893 -0.535652 
0.313538 0.572623 0.509623 -1.753317 -0.384354 -4.078810 -0.667953 -2.422240 0.294138 -0.153990 -0.263687 0.585871 0.311755 -1.019938 0.350836 0.526134 -0.520442 -0.036000 -0.560668 
0.307293 0.949213 -0.095176 -1.265998 0.100163 -4.785547 -0.608522 -0.841460 0.445617 -0.974475 -0.341357 0.251433 0.375858 -0.208053 0.075739 0.080218 -0.519505 0.766274 -0.391284 
-0.085438 0.518188 -0.657171 -0.676225 0.373258 -5.042599 -0.606451 0.374055 0.263613 -1.244538 -0.201295 -0.300824 0.171466 0.546844 -0.096692 -0.476359 -0.384332 1.174058 -0.231032 
-0.078519 0.405449 -0.905121 0.228370 0.641539 -4.540253 -0.445458 0.456188 0.449290 -1.886014 -0.281046 -0.725235 0.176624 1.335540 -0.210671 -0.863514 -0.202759 1.185298 0.032088 
-0.274347 -0.084969 -1.585294 0.983095 0.784452 -3.405434 0.015885 -0.851346 -0.007366 -1.711637 -0.149857 -1.059471 -0.073999 1.385012 -0.439181 -1.167671 -0.299367 0.918652 0.173322 
-0.237781 -0.353982 -1.364288 1.054989 0.547125 -1.871439 0.194863 -3.004484 -0.517824 -1.270891 -0.142395 -0.814521 -0.070574 1.336289 -0.374960 -1.055228 -0.333384 0.261984 0.057722 
0.117067 -0.173662 -1.096569 1.066196 0.320111 -0.562880 0.414823 -5.105545 -0.706290 -0.846221 -0.069046 -0.378906 0.012395 1.032618 -0.337334 -0.794595 -0.366160 -0.077482 -0.032475 
-0.001278 -0.254550 -0.421110 0.720588 0.091309 0.330440 0.405209 -6.114838 -0.724041 -0.058304 -0.009199 -0.141722 0.047162 0.769953 0.038863 -0.508221 -0.063357 -0.303882 -0.090947 
0.005347 0.293895 0.739388 0.651507 -0.002339 0.501270 0.230512 -5.523500 0.073587 -0.299932 -0.073429 -0.038347 0.275235 0.809126 0.503239 -0.042021 0.419877 0.059473 -0.071607 
-0.751397 0.344574 0.963503 0.758831 0.263969 0.081298 0.231873 -3.788174 0.837179 -0.229797 0.163561 -0.403612 0.156746 0.634376 0.687163 0.036178 0.856674 0.681655 -0.081209 
-1.971034 0.458213 1.423926 0.848310 0.371749 -0.350923 -0.039874 -1.597458 1.450372 -0.651761 0.114528 -0.694207 -0.046833 0.685235 0.960503 0.228485 0.972757 1.218915 -0.103165 
-3.287754 0.570503 0.975543 1.011792 0.632029 -0.807632 -0.035279 0.270284 1.830955 -1.049706 0.128513 -0.818898 -0.195115 0.590949 0.801244 0.128625 0.805683 1.517633 -0.158104 
-4.854892 0.121827 0.330466 0.616220 0.518118 -0.770073 -0.217293 0.986143 1.181473 -0.558229 0.126856 -0.506658 -0.524403 0.479392 0.540733 -0.033220 0.354711 1.268484 -0.374057 
-5.391035 0.307751 0.250592 0.073583 0.212502 -0.403177 -0.403987 0.709624 0.470066 -0.437068 -0.089932 0.102948 -0.451067 0.643084 0.257894 -0.041806 -0.145963 0.743836 -0.389433 
-5.285063 0.075565 -0.172621 -0.637169 -0.025622 -0.010335 -0.295429 -0.205388 -0.545174 0.457050 -0.156960 0.574924 -0.345953 0.654928 -0.114344 -0.077873 -0.394671 0.109610 -0.249297 
-4.229099 -0.094053 0.416845 -1.299005 -0.367094 0.386739 -0.397087 -1.063960 -1.258692 0.887841 -0.317635 0.807136 0.097401 1.050715 -0.145174 0.068350 -0.227076 -0.614118 0.214219 
-2.465510 -0.077996 0.430891 -1.345763 -0.125726 0.381688 0.021072 -1.472616 -1.281305 1.047841 -0.246514 0.110275 0.562122 1.299899 -0.313389 0.136390 0.214001 -0.843584 0.937597 
-1.216389 -0.381294 0.374179 -1.000000 0.151164 0.256282 0.268715 -1.154212 -1.100293 1.104520 -0.176553 -1.082290 0.731731 1.473397 -0.296259 0.337719 0.690380 -1.056261 1.443663 
0.084716 -0.114430 0.307685 -0.116654 0.512084 -0.075641 0.582339 -0.302386 -0.348474 0.203307 -0.169156 -2.325648 1.002649 1.726466 -0.211063 0.646217 1.182365 -1.040474 1.696103 
0.189063 -0.076383 -0.757111 0.967107 1.020368 -0.403612 0.914035 0.538658 -0.038640 -0.437654 -0.131710 -3.247212 0.758548 1.151154 -0.448613 0.946750 0.985902 -0.867034 1.450899 
-0.478961 0.148756 -1.154618 1.592618 1.005815 -0.391595 0.727026 1.166567 0.138657 -1.157488 -0.302140 -3.235716 0.489933 0.813799 -0.453190 1.347799 0.704025 -0.911218 0.724743 
-1.262401 0.515080 -1.559833 1.737018 1.021331 -0.319257 0.508176 1.236511 0.170691 -1.756598 -0.555184 -2.583341 0.280438 -0.095800 -0.569633 1.633503 0.156412 -0.905576 0.107215 
-2.399054 0.227614 -1.281970 1.030756 0.680319 0.041201 -0.030204 0.912611 -0.176111 -1.432269 -0.789606 -1.319601 0.079818 -0.764685 -0.419791 1.765839 -0.123775 -1.281467 -0.318445 
-2.689363 0.347520 -0.408485 -0.039202 0.450471 0.418802 -0.377532 0.238183 -0.279799 -1.435903 -1.089963 0.037219 0.206867 -1.326988 -0.269793 1.967907 -0.257026 -1.655183 -0.310894 
-2.576130 -0.146270 0.034648 -0.906720 0.304305 0.733594 -0.289550 -0.381792 -0.388276 -1.032750 -0.913505 0.650011 0.166372 -1.539342 -0.066835 2.015131 -0.175292 -1.803754 0.235964 
-1.861534 -0.435531 0.994094 -1.506813 0.032981 0.996035 -0.164449 -0.714027 -0.228987 -0.984044 -0.667348 0.760080 0.220421 -1.052141 0.330675 2.273721 0.069089 -1.919227 0.872865 
-0.779470 -0.440719 1.010211 -1.228455 -0.002752 0.881531 0.410864 -0.580758 -0.059324 -1.171362 -0.230369 0.338169 0.151549 -0.296081 0.366681 2.659375 0.148405 -1.530501 1.316592 
-0.321708 -0.639329 0.756347 -0.712758 -0.049301 0.714794 0.719000 -0.111785 -0.165301 -1.067356 0.139146 -0.167520 -0.017457 0.561120 0.384941 2.839643 0.101794 -1.413536 1.380954 
0.295019 -0.210271 0.662842 0.191517 -0.291738 0.314795 0.791944 0.709206 -0.138294 -1.613919 0.446632 -0.431807 0.030938 1.370978 0.371311 3.305807 0.054127 -1.039123 0.907725 
0.087546 -0.175804 -0.019751 1.025983 -0.133422 0.054021 0.700816 1.354466 -0.238372 -1.421382 0.646331 -0.718373 -0.030451 1.555437 0.235285 3.373921 0.051133 -0.665162 0.320933 
-0.253711 -0.027465 -0.025322 1.026329 -0.275819 -0.077467 0.132791 1.712434 -0.206917 -1.003492 0.519384 -0.582704 0.165492 1.591807 0.421496 3.300210 0.298574 -0.712853 -0.296054 
-0.462366 0.254173 -0.477197 0.661381 0.021214 -0.157708 -0.210523 1.615073 0.130471 -0.410815 0.167129 -0.508705 0.471324 1.094907 0.369229 3.066000 0.466512 -0.770353 -0.578636 
-0.735574 0.072680 -0.692860 -0.253380 0.096045 0.003203 -0.607993 1.031920 0.144672 0.755018 -0.291336 -0.313265 0.572267 0.570395 0.529512 2.772441 0.626113 -1.064987 -0.588711 
-0.269698 0.407496 -0.676011 -0.857458 0.212078 0.271959 -0.680946 0.187397 0.500452 1.086562 -0.940093 -0.158753 0.696513 0.266431 0.660015 2.949414 0.654463 -0.934118 -0.453481 
0.045889 0.268764 -1.183281 -1.002465 0.347514 0.466132 -0.340382 -0.665519 0.212658 1.671049 -1.111586 -0.165490 0.351818 -0.290751 0.564862 3.111361 0.410265 -0.327487 -0.295203 
0.570619 0.163382 -0.933057 -0.602848 0.087436 0.568383 -0.149636 -1.041811 -0.134762 1.526725 -1.195457 0.226634 0.119455 -0.375964 0.595457 3.494327 0.233755 0.299098 -0.145867 
0.911629 0.151244 -1.013178 0.477678 0.158545 0.452817 0.190273 -0.970571 -0.397120 0.998848 -1.017284 0.270498 -0.167670 -0.836272 0.404580 3.506455 -0.175129 1.205056 0.412431 
0.406858 -0.547364 -0.677702 1.316891 -0.150132 0.286963 0.130457 -0.363845 -0.893328 0.925819 -0.654526 0.501734 -0.542319 -1.266678 0.447759 3.066608 -0.267498 1.508185 0.982681 
0.176037 -0.488841 -0.110004 1.778062 -0.433400 -0.018948 -0.148417 0.449266 -0.640044 0.347301 -0.443929 0.505734 -0.398342 -1.416148 0.477433 2.272496 -0.259591 1.406736 1.941356 
-0.371289 -0.667804 -0.190354 1.567766 -0.486697 -0.284893 -0.187637 1.057659 -0.333252 0.515168 -0.181675 0.278408 -0.262998 -1.507245 0.399731 0.911705 -0.219789 0.700924 3.259789 
-0.546523 -0.415592 0.375385 0.651194 -0.782658 -0.244014 -0.506514 1.157138 0.156088 0.489106 -0.164797 0.277533 -0.040504 -1.027657 0.531708 0.058912 -0.184760 -0.186746 4.178450 
-0.064393 0.058547 0.428731 -0.160654 -0.572157 -0.033171 -0.219235 0.683909 0.670169 0.431382 -0.214351 -0.000061 0.113668 -0.392405 0.404642 -0.439166 -0.178004 -0.618324 4.995722 
0.496377 0.163329 0.549214 -0.972667 -0.336526 0.434131 -0.064974 -0.207115 0.659992 0.786498 -0.269226 -0.123663 -0.007314 0.514546 0.307336 -0.380252 -0.168545 -0.715372 5.104108 
1.581014 0.670102 0.975802 -1.026758 0.055182 0.825282 -0.042093 -0.985756 0.581982 0.396076 -0.469665 -0.063584 -0.163914 1.370220 0.060272 0.341901 -0.222351 -0.005218 4.545267 
2.175621 0.358067 0.875285 -0.774475 0.548501 0.875123 -0.394039 -1.292322 0.121819 0.433379 -0.268680 -0.067371 -0.365286 1.611967 -0.292417 0.920343 -0.138162 0.922805 3.496170 
2.301605 0.087502 1.325467 -0.370132 0.736403 0.821276 -1.610626 -1.095090 -0.016752 0.155553 -0.241615 0.000405 -0.458173 1.645721 -0.363528 1.260920 0.036040 1.506258 2.231888 
1.946837 -0.273772 1.148378 -0.034769 0.979159 0.442279 -2.900110 -0.537433 0.029047 0.010551 -0.065888 -0.160138 -0.395356 0.987808 -0.487691 1.038558 0.172019 1.843899 1.190476 
0.818524 -0.546010 0.804229 -0.424670 0.608439 0.049674 -4.367569 0.148368 0.269868 0.498331 -0.047095 -0.113242 -0.286609 0.566559 -0.330543 0.337015 0.224806 1.098206 0.303247 
0.085541 0.112082 0.538643 -0.915850 0.098202 -0.197297 -5.146477 0.546151 1.101867 0.242651 -0.255676 0.130534 0.035320 0.384214 -0.053831 -0.218656 0.052425 0.169266 -0.115817 
-0.506980 0.517852 -0.261774 -1.322932 -0.306457 -0.126733 -4.902565 0.422965 1.862864 0.537399 -0.169544 0.162857 0.160854 0.390487 0.375070 -0.639949 -0.063714 -0.631285 0.023793 
-0.557978 1.038001 -0.486227 -1.348358 -0.690875 0.366050 -3.958537 -0.158177 2.365955 0.657414 0.021077 0.519763 0.261868 0.974214 0.833648 -0.379600 0.010500 -1.171575 0.038450 
-0.115886 1.395574 -1.088583 -0.625583 -0.528742 0.837576 -2.277210 -0.879767 2.538672 0.843947 0.319739 0.679852 0.148303 1.293216 0.976057 0.142682 0.141415 -0.999014 0.181931 
0.267445 0.699201 -1.338011 0.373065 -0.161019 1.283998 -1.163693 -1.383714 1.991308 1.230946 0.691595 0.692937 -0.135669 1.446656 1.069938 0.562254 0.360782 -0.642814 0.460815 
0.926906 0.219483 -1.240884 1.433530 0.397585 1.247327 -0.722054 -1.363305 1.402615 0.987044 0.923359 0.716806 -0.099379 1.184981 0.831276 0.785142 0.542673 -0.250182 0.523308 
0.988918 -0.954144 -1.539300 2.105846 0.817947 0.858950 -1.033683 -0.941443 0.335008 1.022451 1.199470 0.390330 -0.342894 0.353540 0.410511 0.498777 0.559603 0.229838 0.524204 
0.741864 -1.721140 -1.091114 1.883266 0.630071 0.270121 -2.012834 -0.110521 -0.511755 0.508955 1.195951 0.450640 -0.217992 -0.410104 0.211568 0.190069 0.486330 0.247905 0.284815 
0.384580 -2.063356 -1.026140 1.346401 0.434312 -0.281146 -2.677623 0.625530 -0.893615 -0.282834 1.094600 0.539460 -0.103914 -1.141477 -0.094224 -0.084693 0.294769 0.463558 0.071474 
-0.431538 -2.366904 -0.811383 0.196882 0.095562 -0.311291 -2.888008 0.911645 -1.069505 -0.713680 1.017596 0.786020 0.017301 -1.431992 -0.025637 -0.222335 0.301470 0.535766 -0.108931 
-0.460212 -1.602176 -0.335174 -0.781231 -0.126908 -0.130925 -2.367562 0.803408 -0.638848 -1.644822 0.918270 1.107246 0.297854 -1.300683 0.082071 0.327244 0.433488 1.100470 -0.455311 
-0.796453 -1.296084 -0.708294 -1.391483 0.216379 0.338664 -1.096263 0.369046 -0.382175 -1.584221 1.088831 1.122688 0.200716 -1.008149 0.067543 0.707904 0.722998 1.681545 -0.763362 
-0.653969 -0.731933 -0.495559 -1.674905 0.627659 0.922300 0.011697 -0.109933 -0.007445 -1.528702 1.057412 1.079959 0.208618 -0.246326 0.236865 1.233225 1.168402 1.925764 -0.977170 
-0.398331 -0.291581 -1.179772 -1.503173 1.484598 1.102465 0.940338 -0.386224 0.169787 -1.001969 0.978501 0.595181 0.021590 0.235491 -0.048849 1.141240 1.320780 1.888251 -1.007257 
-0.415195 -0.353028 -1.589415 -1.537891 1.921273 1.086453 1.034423 -0.431703 -0.039119 -0.018646 0.612633 0.098621 -0.275347 0.549064 -0.136288 0.659786 1.304856 1.095773 -0.867728 
0.007249 -0.041910 -1.642078 -1.576429 1.869342 0.677367 0.585571 -0.154384 -0.078297 0.014512 0.040241 -0.208659 -0.304849 0.484394 -0.159194 0.182149 1.064369 0.293393 -0.507077 
0.088788 -0.477485 -2.080042 -1.701992 1.693158 0.265947 0.199435 0.077786 -0.399862 0.255553 -0.250637 -0.539404 -0.312850 0.002051 -0.054839 -0.704630 0.756972 -0.499386 0.377129 
0.155821 -0.449270 -1.639041 -1.827668 0.846317 0.071698 -0.296281 0.174835 -0.648646 -0.319881 -0.497626 -0.550402 -0.271471 -0.677663 0.418861 -1.063947 0.401787 -0.766603 1.072780 
0.164666 -0.546471 -1.672899 -1.574465 0.372452 0.010952 -0.129162 0.125876 -1.046707 -0.652680 -0.370870 -0.397198 -0.096892 -1.431963 0.677022 -1.195769 0.382397 -0.414887 1.574811 
-0.198223 -0.601470 -1.414201 -1.235976 -0.103566 0.271272 -0.025290 -0.076535 -1.836128 -0.482125 -0.176183 -0.266999 -0.167857 -1.729649 0.981007 -1.218988 0.372755 -0.024751 1.734016 
-0.085020 0.058483 -0.957919 -0.426421 -0.130090 0.498100 0.209972 -0.191006 -2.616343 -0.613059 -0.049512 -0.150577 -0.101934 -1.598835 0.900151 -0.802755 0.353950 0.644805 1.398640 
-0.213033 0.361799 -1.077488 0.167805 0.023654 0.537776 0.259419 -0.196489 -3.898712 0.097081 0.129440 -0.203412 -0.280565 -1.229807 0.487626 -0.583560 0.211283 1.087688 0.748712 
-0.082415 0.916255 -0.628212 0.508214 0.087120 0.520213 -0.013002 0.027634 -4.685460 0.538048 0.069185 -0.185405 -0.191940 -0.360924 0.089481 -0.111439 0.249667 1.006020 -0.189053 
0.193723 1.126804 -0.626371 0.677804 0.296278 0.368535 -0.018141 0.224956 -5.014539 0.657109 0.090342 -0.264939 -0.122562 0.146403 -0.370002 0.215875 0.172420 1.046491 -0.673822 
0.232388 0.731527 -0.241762 0.280233 0.131894 0.324743 -0.087074 0.418659 -4.719238 0.669282 0.221830 -0.230151 0.035413 0.452365 -0.261976 0.381858 0.377785 0.887048 -0.703605 
0.535903 0.699559 0.254888 -0.118255 0.170058 0.283209 0.216981 0.545290 -3.392382 -0.252935 0.256177 -0.093357 0.358382 0.254186 0.019452 0.473033 0.614717 1.028571 -0.246792 
0.403213 0.155117 0.033587 -0.567811 0.511869 0.240296 0.725431 0.636579 -1.788508 -0.576710 0.428015 -0.205699 0.621404 -0.438628 0.400926 0.135348 1.034339 1.189105 0.592208 
0.375129 0.354427 0.430521 -0.934580 0.755599 0.248067 0.990225 0.636199 -0.174325 -1.139246 0.276679 -0.144444 0.724289 -1.064644 0.846427 -0.149558 1.195732 1.290498 1.254670 
0.358402 0.796100 0.213590 -0.828193 1.388187 0.161395 1.203283 0.597886 0.843941 -0.983850 0.003272 -0.506235 0.426005 -1.593642 0.809514 -0.442992 1.126983 1.563392 1.546287 
0.330990 1.024625 0.395466 -0.988555 1.680472 -0.000385 0.875722 0.590744 1.006047 -0.094734 -0.392618 -0.536179 0.064529 -1.542484 0.699933 -0.694915 1.002950 1.040400 1.308507 
0.709980 1.670895 0.649513 -0.969354 1.782588 -0.257725 0.348668 0.640920 0.824153 0.119559 -0.778669 -0.402198 -0.279120 -1.089303 0.218844 -0.501580 0.600067 0.676565 0.492632 
0.832528 1.215660 0.662471 -1.067356 1.820638 -0.394470 -0.114352 0.622338 0.038883 0.700218 -0.674735 -0.320718 -0.668313 -0.594124 -0.197694 -0.401559 0.356035 0.298029 -0.315500 
1.182839 0.705396 1.143189 -1.298496 1.463509 -0.394705 -0.575203 0.573188 -0.509072 0.227602 -0.494433 -0.024591 -0.710557 -0.094252 -0.296492 -0.057251 0.188725 0.030545 -0.904142 
1.366619 -0.054823 0.936497 -1.440121 1.207004 -0.405208 -0.565826 0.650054 -0.506627 -0.567590 0.081041 0.130724 -0.514663 0.171400 -0.218250 0.014839 0.307968 0.224920 -0.980423 
0.972006 -0.711429 0.812763 -1.586906 1.124692 -0.117620 -0.513876 0.629702 -0.365987 -1.214955 0.451172 0.084658 -0.202642 0.180962 0.302853 -0.309603 0.457733 0.353678 -0.474967 
0.960639 -0.149387 0.622368 -1.379477 1.074913 0.013508 -0.237537 0.656881 0.033177 -1.919002 0.646591 -0.038634 0.252335 0.325271 0.695313 -0.660552 0.525727 0.790932 0.181578 
0.567557 0.675195 0.017308 -0.942078 0.998704 0.130111 0.094133 0.689677 0.131478 -1.617602 0.886364 -0.413317 0.359038 0.534970 0.974579 -1.076914 0.420488 1.222933 0.769704 
0.436541 2.003246 0.185111 -0.557396 0.618855 0.186719 0.082118 0.647001 -0.069175 -1.078066 0.980721 -0.420778 0.388082 0.913648 1.121711 -1.086342 0.188355 1.415640 0.798072 
0.581413 3.002482 0.057100 0.070494 0.248647 0.058024 0.242779 0.607277 -0.317642 -0.027511 1.455021 -0.542960 0.173057 1.331505 0.897306 -0.942027 0.037907 1.548006 0.419823 
0.716267 2.841812 0.473024 0.277326 -0.461160 -0.010076 0.094633 0.433070 -0.841834 1.005868 2.364920 -0.184757 -0.155182 1.615160 0.719875 -0.516475 -0.025134 1.414957 -0.244665 
1.131113 2.249622 0.987156 0.644962 -0.824523 -0.030546 0.047602 0.328379 -0.541912 1.006737 3.478819 0.191402 -0.149184 1.639844 0.533844 0.031739 0.171048 1.203442 -0.887156 
0.921678 0.542504 0.859652 0.703282 -0.738916 0.037272 0.130644 0.175689 -0.268672 0.995027 4.730417 0.393980 -0.235305 1.027562 0.355925 0.116709 0.324438 0.856280 -1.178144 
0.656681 -0.549519 1.070530 0.444767 -0.505782 0.121639 -0.028733 0.155817 0.324853 0.154545 5.299318 0.818547 0.167621 0.376822 0.442600 0.036667 0.344622 0.179420 -1.146366 
0.182279 -0.742432 0.516455 0.192931 0.140113 0.165857 -0.003803 0.094162 0.843825 -0.587248 5.175751 0.768227 0.549185 -0.450796 0.360745 -0.343782 -0.021651 -0.301479 -0.747065 
-0.497766 -0.156760 0.419107 -0.236014 0.615184 0.364543 -0.318021 0.032068 1.013929 -1.048792 4.187736 0.630554 0.936401 -0.914962 0.555275 -0.715227 -0.505969 -0.877043 -0.194817 
-0.599594 1.679617 0.489516 -0.436410 0.907290 0.442692 -0.555612 -0.124706 0.985713 -1.663116 2.783707 0.464588 1.247988 -1.108659 0.485801 -0.680266 -1.217546 -0.995007 -0.000708 
-0.922306 2.916131 0.370602 -0.412889 0.941722 0.606089 -0.724457 -0.312340 0.375013 -1.231907 1.552051 0.128839 1.064677 -1.066991 0.352670 -0.575294 -1.538367 -0.881081 -0.210461 
-0.829186 3.816746 0.904447 -0.145210 0.833191 0.798932 -0.976272 -0.420125 0.043116 -0.918792 0.534790 -0.122525 0.876434 -0.836205 0.244107 -0.166994 -1.399880 -0.605605 -0.672923 
-0.600772 3.672361 0.890011 0.494395 0.857101 0.835576 -0.793778 -0.391215 -0.106571 -0.326490 0.358485 -0.694044 0.516263 -0.827606 -0.029272 -0.028412 -0.935064 -0.100198 -0.926618 
-0.672237 2.456080 1.066109 0.963036 0.808316 0.893266 -0.702460 -0.170600 -0.265576 0.448400 0.647939 -1.052982 0.245468 -0.833158 -0.098446 -0.155596 -0.215907 -0.045081 -0.981712 
-0.373862 1.424152 1.161946 1.424971 0.903476 0.732336 -0.367332 0.164409 -0.114781 0.552380 1.199996 -1.242860 0.482455 -1.039253 -0.152174 -0.492131 0.455071 -0.122921 -0.597695 
-0.450766 0.259563 0.763533 1.382660 1.038336 0.542398 -0.009739 0.357383 -0.323664 1.130360 1.759793 -1.458397 0.785213 -1.440626 -0.081605 -1.088643 0.808514 -0.478024 0.127586 
-0.415376 -0.077954 0.839337 0.744128 0.815098 0.324240 0.172105 0.481435 -0.661670 1.147877 1.898707 -1.102164 1.278650 -1.584349 0.181014 -1.391838 0.841910 -1.037752 0.659508 
-0.265374 0.029876 0.498561 -0.026260 0.647122 0.160825 0.480310 0.357762 -0.922545 1.162309 1.761770 -0.802723 1.498890 -1.501469 0.306048 -1.438559 0.762813 -1.319762 0.896593 
-0.344728 0.023282 0.678426 -1.145797 0.232394 0.250734 0.407269 -0.002332 -1.377056 1.393192 1.311029 -0.223632 1.241436 -1.031424 0.533545 -1.257203 0.732542 -1.704048 0.503670 
0.081812 0.566056 0.833768 -1.682977 0.128535 0.402733 0.339598 -0.440949 -1.207945 1.043476 0.652566 0.000540 0.577145 -0.269451 0.404721 -0.829574 0.653528 -1.521012 -0.232133 
0.076308 0.243698 0.816996 -1.702620 0.140085 0.714411 0.152736 -0.799959 -0.972761 1.196527 0.270141 -0.139509 -0.709559 0.304870 0.236880 -0.396079 0.702114 -1.154970 -1.175331 
0.242371 0.068349 1.228467 -1.088298 0.185854 0.963833 -0.156694 -0.828220 -0.461722 0.926224 -0.064591 -0.389553 -1.812552 0.868044 0.030186 -0.008003 0.754581 -0.758549 -1.922613 
0.343381 -0.123134 1.009010 0.036926 0.463969 0.975425 -0.296957 -0.663546 0.007049 0.859794 -0.020007 -0.993212 -2.589005 0.769539 -0.320795 -0.003616 0.442986 -0.431107 -1.932573 
0.226801 -0.204108 1.057195 0.955910 0.373747 0.932574 -0.550760 -0.409607 0.153676 1.104159 -0.026971 -1.341873 -2.806883 0.400659 -0.255453 0.014497 0.018474 -0.521941 -1.522610 
0.565104 0.562826 0.916274 1.701776 0.180586 0.526897 -0.546499 -0.070941 0.348185 0.850398 -0.034906 -1.409523 -2.160880 -0.391904 -0.107909 0.181368 -0.518708 -0.569359 -0.872697 
0.588561 1.032382 0.328158 1.758397 -0.094080 0.109060 -0.364295 0.165867 0.201656 1.137226 0.013298 -1.283464 -1.387198 -1.200266 0.232088 0.379298 -0.883599 -0.500412 -0.252007 
0.807926 1.830701 0.114129 1.157991 -0.495353 -0.327392 -0.095735 0.332667 0.228158 1.197662 -0.233618 -0.645900 -0.434721 -1.611239 0.625096 0.722475 -0.769845 -0.712241 -0.277137 
0.877071 2.205062 -0.715639 0.689636 -0.281917 -0.504519 0.587851 0.325402 0.523421 1.434823 -0.379770 -0.296222 0.069400 -1.592280 0.748832 0.813488 -0.300543 -0.712948 -0.409198 
0.512591 1.954056 -0.929800 0.021187 -0.220747 -0.386685 0.931770 0.400902 0.670445 1.809139 -0.551152 0.268406 -0.013112 -0.854310 0.868819 0.792055 0.455513 -0.936618 -0.967855 
0.340019 1.871112 -0.983588 -0.211144 0.058756 -0.260288 1.205825 0.526788 0.865167 1.555920 -0.488215 0.558103 -0.384999 -0.106847 0.587407 0.569569 0.948138 -0.969572 -1.498231 
-0.483262 1.034323 -1.141705 -0.000106 0.467731 0.183042 1.206909 0.634103 0.598672 1.750515 -0.388129 0.383344 -1.218300 0.549290 0.335866 -0.083340 1.177673 -1.134437 -1.487098 
-0.872419 0.601692 -0.715706 0.333263 0.467410 0.526277 0.714090 0.659215 0.323123 1.309283 -0.262341 0.009646 -1.776920 0.796720 0.283645 -0.728052 1.006243 -1.257480 -1.036626 
-1.144289 0.219281 -0.878884 0.860014 0.354415 0.680680 0.153653 0.504152 -0.166729 0.960865 -0.051151 -0.641685 -2.413950 0.273638 0.137176 -1.361513 0.367076 -0.990178 -0.301796 
-1.306100 -0.168787 -0.840969 0.958195 0.107155 0.825237 -0.574288 0.202026 -0.427912 0.849631 -0.232355 -1.100427 -2.616294 -0.421204 0.448725 -1.923688 -0.070588 -1.028806 0.704916 
-0.914208 -0.004590 -0.846527 1.096183 -0.135333 0.701899 -0.951194 -0.036216 -0.193964 0.424694 -0.515739 -0.980440 -2.560754 -1.062146 0.674672 -2.036139 -0.241830 -0.763380 1.160702 
-0.663883 -0.308617 -1.162999 1.062302 -0.154716 0.595143 -0.842360 -0.298456 -0.001410 0.842045 -0.680186 -0.512964 -2.586045 -1.383657 0.864687 -1.928905 -0.036215 -0.606914 1.238986 
-0.141472 -0.199176 -0.909126 0.919245 -0.105227 0.478762 -0.460632 -0.346386 0.450715 0.817306 -0.835433 0.384326 -2.548654 -0.945893 0.954231 -1.529320 0.329466 -0.512686 0.860901 
0.246485 -0.371669 -1.052835 0.928918 0.248213 0.215235 0.492769 -0.039544 0.626951 1.168337 -0.594114 1.154532 -2.589192 -0.244963 0.723945 -1.034011 0.703354 -0.487366 0.257189 
0.388681 -0.539167 -0.831746 0.731926 0.509836 0.077667 1.211609 0.289727 0.390971 1.380454 -0.308818 1.757047 -2.684355 0.654054 0.521994 -0.581809 0.626021 -0.777156 -0.200302 
0.878584 -0.279096 -0.740259 0.520636 0.683839 -0.244196 1.733517 0.673187 0.194829 0.754836 0.097277 1.646787 -2.576619 1.090667 0.268805 -0.071153 0.174577 -0.624297 -0.356901 
0.837833 -0.507918 -1.030341 -0.021636 0.711203 -0.495671 1.818261 0.905555 -0.353954 0.439060 0.524088 1.047568 -2.524979 0.927943 0.072329 0.227219 -0.411994 -0.540379 -0.438255 
1.157962 -0.127793 -0.965441 -0.817005 0.487723 -0.720778 1.329072 0.921467 -0.406828 -0.502897 0.408173 0.052415 -2.107841 0.294965 0.131356 0.636464 -0.851699 -0.341929 -0.374600 
1.324101 0.029326 -1.553437 -1.355733 0.607038 -0.773210 0.845967 0.585630 -0.326469 -1.018574 0.182238 -1.161050 -1.654230 -0.667731 -0.007267 0.596661 -0.882074 -0.086462 -0.184326 
1.341020 -0.219323 -1.180311 -1.828298 0.307266 -0.564336 0.090463 0.344359 -0.081451 -1.033304 -0.061076 -1.768955 -1.040366 -1.005988 0.255471 0.515722 0.007520 -0.464824 -0.305552 
1.717984 0.131860 -0.714913 -1.838036 0.307228 -0.369091 -0.302107 0.166962 0.440096 -1.240258 -0.323738 -2.030844 -0.409899 -0.859233 0.176259 0.345184 0.985647 -0.730810 -0.441113 
1.332355 -0.318905 -0.156158 -1.409339 0.321803 0.110389 -0.319134 0.172238 0.399343 -0.632282 -0.289302 -1.911601 -0.376263 -0.214377 0.223882 -0.114369 2.060994 -1.093211 -0.466585 
1.150211 -0.141392 0.884605 -1.055004 0.305075 0.345473 -0.222818 0.462537 0.429669 -0.533376 -0.279704 -1.212153 -0.329127 0.708601 0.206127 -0.545555 2.488802 -1.593364 -0.322233 
0.510605 -0.280401 1.204537 -0.644468 0.386357 0.446806 0.154138 0.850338 0.139964 -0.328625 0.055730 -0.483034 -0.875373 1.346344 0.068950 -0.972842 2.287144 -1.453717 -0.160607 
-0.226577 -0.197773 1.464432 -0.822345 0.141339 0.351997 0.205922 1.166411 -0.181160 -0.266799 0.059560 0.435045 -1.552243 1.577567 0.167644 -1.228567 1.504664 -1.349647 0.005305 
-0.441817 0.346956 1.113320 -0.871415 -0.033284 0.022216 0.168793 1.330773 -0.117008 -0.920868 -0.090858 1.139648 -2.109768 1.226629 0.166311 -1.058845 0.505453 -0.676433 -0.043309 
-0.777695 0.281567 0.120820 -0.979881 -0.136589 -0.119998 -0.002891 1.030279 -0.274852 -0.946855 -0.187290 1.372338 -2.650979 0.480634 0.265891 -0.775063 -0.194100 -0.029626 -0.383458 
-0.139645 0.751982 -0.515090 -0.899804 -0.461198 -0.351369 -0.429341 0.572679 -0.119032 -1.490405 -0.500130 1.569809 -2.484606 -0.196742 0.440265 -0.143857 -0.443312 0.277684 -0.891801 
0.635030 0.877380 -1.604768 -0.294673 -0.436585 -0.412455 -0.501014 -0.004011 -0.035124 -1.512435 -0.552895 0.823705 -2.216519 -0.824626 0.499148 0.117321 -0.246152 0.403120 -1.108762 
1.207432 0.725348 -1.721396 0.318024 -0.527680 -0.212669 -0.741427 -0.377428 -0.009866 -1.461013 -0.509434 0.357430 -1.580471 -0.874275 0.814056 0.155286 0.230275 -0.241340 -0.979065 
1.988086 0.853387 -1.462515 1.020852 -0.335857 -0.121420 -0.448785 -0.501625 0.135428 -1.810553 -0.235499 -0.007483 -0.837320 -0.826626 0.900729 -0.038239 0.578674 -0.723055 -0.357946 
1.550174 0.313640 -1.079769 1.400061 0.096395 0.140773 -0.007286 -0.369012 0.054605 -1.487828 0.055247 0.380099 -0.445411 -0.798351 0.922532 -0.504280 0.758839 -1.257732 0.404160 
0.992862 0.119697 -0.092911 1.219191 0.307220 0.229628 0.384287 0.073119 0.247324 -1.615060 0.235815 1.698804 0.025694 -0.584896 0.847875 -0.611712 0.735919 -1.567149 0.966008 
0.042093 -0.234769 0.156245 0.919012 0.749898 0.297507 0.779558 0.334560 0.324915 -1.301574 0.400065 3.202790 0.092802 -0.627821 0.433556 -0.631167 0.517790 -1.301312 1.141329 
-0.842890 -0.508654 0.324729 0.509499 0.919476 0.467290 0.699248 0.414560 0.318597 -0.745834 0.201125 4.775702 0.073767 -0.317657 0.169779 -0.258549 0.405652 -1.060907 0.875746 
-0.563679 -0.016797 -0.093101 0.426488 0.837160 0.243103 0.360417 0.330094 0.361194 -0.651924 0.006143 5.597056 0.160076 -0.061059 -0.244562 0.369586 0.243179 -0.460415 0.204300 
0.020894 0.013561 -1.150199 0.599888 0.656486 0.018760 -0.205759 0.094357 0.034275 -0.023374 -0.016612 5.250044 0.150728 0.260333 -0.439606 0.815262 0.184757 -0.127982 -0.305549 
1.447647 0.843717 -1.755124 0.903752 -0.002682 -0.386670 -0.940471 -0.046345 -0.014090 -0.102824 -0.085514 4.086677 0.279293 0.783336 -0.286943 1.271065 0.040495 -0.011252 -0.600626 
